34 9 5 0
67 810 300 1 6.28571 173 255 47 255 0 0
82 1170 240 1 4.71429 173 255 47 255 0 0
82 1110 330 1 0 173 255 47 255 0 0
82 510 150 1 0 173 255 47 255 0 0
82 660 450 0.25 3.14286 173 255 47 255 0 0
73 960 330 4 0 173 255 47 255 0 0
73 480 390 4 0 173 255 47 255 0 0
72 540 390 0.25 4.71429 173 255 47 255 0 0
73 930 510 0.25 0 173 255 47 255 0 0
72 990 300 0.25 1.57143 173 255 47 255 0 0
73 930 150 0.125 0 173 255 47 255 0 0
83 240 510 1 1.57143 173 255 47 255 0 0
84 450 480 4 1.57143 173 255 47 255 0 0
67 630 240 0.125 1.57143 173 255 47 255 0 0
73 510 390 1 3.14286 173 255 47 255 0 0
72 210 510 1 3.14286 173 255 47 255 0 0
83 990 510 0.0625 4.71429 173 255 47 255 0 0
67 390 420 0.25 3.14286 173 255 47 255 0 0
